mobile,verify_code
13821342123,111111
12112345602,111111
15899999991,111111
13312345602,111111
13312345605,111111
15845464979,111111
16798784646,111111
13312345665,111111
15555555538,111111
13000000011,111111
15379956455,111111
15863321489,111111
18358117736,111111
15892929299,111111
14368265562,111111
15605817332,111111
13821342132,111111
15878766767,111111
15877676464,111111
12345678900,111111
12345678933,111111
13111111114,111111
15356886886,111111
13821342147,111111
11757175001,111111
13411111102,111111
11757175004,111111
13400000005,111111
11757175007,111111
11757175010,111111
11757175013,111111
15099999995,111111
15099999991,111111
13400000010,111111
11757175015,111111
11757175018,111111
13400000017,111111
13649497975,111111
15648909099,111111
15787878799,111111
15299999998,111111
15857162282,111111
15857162345,111111
15857161222,111111
15857111234,111111
15512345678,111111
13821342151,111111
12536369696,111111
15399999998,111111
14799968828,111111
15399999996,111111
13821342154,111111
15399999993,111111
13821342170,111111
15649875726,111111
17888505085,111111
15279379710,111111
13683304162,111111
15279379711,111111
15199999999,111111
13400000023,111111
13400000026,111111
13400000029,111111
13821342191,111111
15279379717,111111
13821342195,111111
15278379717,111111
13683304170,111111
13683304172,111111
13683304175,111111
13400000035,111111
15088888887,111111
15869745984,111111
13400000041,111111
15088888884,111111
11757175021,111111
18222222222,111111
18768333277,111111
15279379722,111111
13411112201,111111
13411113333,111111
13411113304,111111
13699794979,111111
18911111111,111111
13411113307,111111
13411113310,111111
13411113313,111111
15967999442,111111
13821342169,111111
13411113316,111111
13400000048,111111
13411112204,111111
13411113317,111111
13411112207,111111
15279379833,111111
15279379899,111111
15099998887,111111
15099998883,111111
15099998879,111111
15279379856,111111
15275876439,111111
15869025849,111111
13411112209,111111
18855056576,111111
13411112215,111111
15099998875,111111
18106533354,111111
13411114401,111111
13411114404,111111
13411114407,111111
15099998869,111111
15848497676,111111
15858464694,111111
15789764325,111111
15876764111,111111
13312412412,111111
13111111117,111111
13821342179,111111
13699499797,111111
15099998860,111111
15099998859,111111
13411112226,111111
13411112230,111111
13411112234,111111
13411114409,111111
13411114411,111111
13411112237,111111
15758855688,111111
15279379765,111111
13411114414,111111
13411114417,111111
15279379756,111111
13411114421,111111
13000000009,111111
18888888889,111111
13000000022,111111
13411114424,111111
13411115504,111111
13411115508,111111
13411115512,111111
13411115516,111111
13411115520,111111
13000000023,111111
15279379763,111111
15279379760,111111
15088888882,111111
13411113322,111111
13422223325,111111
13411113328,111111
18673584848,111111
15167131856,111111
13411113335,111111
13536148796,111111
15279371234,111111
15279371236,111111
15279371238,111111
14354254225,111111
15279371230,111111
18810000001,111111
13623568907,111111
15511111103,111111
19001010004,111111
15279371232,111111
15279371233,111111
19001010009,111111
19001010012,111111
19001010016,111111
13021342115,111111
15673548849,111111
13411116605,111111
13111111120,111111
15343434331,111111
15814728899,111111
15289366362,111111
15188366727,111111
13111111124,111111
13685544455,111111
18967134567,111111
18868104069,111111
18920167,111111
13690800052,111111
13685214124,111111
18033806989,111111
13623541245,111111
18838997873,111111
13682464331,111111
18665926581,111111
13430599131,111111
19924568891,111111
13925289822,111111
13316418613,111111
15813829968,111111
13723714338,111111
13556868727,111111
15537711173,111111
19851129288,111111
18514353200,111111
13844959101,111111
13104463877,111111
15143169108,111111
15143166696,111111
18004453086,111111
13630568331,111111
15948197466,111111
13946132180,111111
13596131806,111111
15374607596,111111
18611774167,111111
15936417943,111111
19917101527,111111
13596133911,111111
13364644697,111111
13750807343,111111
13926025039,111111
13360519596,111111
17543737039,111111
13510085144,111111
13923756376,111111
18028731431,111111
13189750859,111111
18793194791,111111
13093749286,111111
13600538553,111111
18617181209,111111
17688731203,111111
13530427720,111111
13672873199,111111
13714543913,111111
13710403253,111111
13428629868,111111
17656688985,111111
13316806673,111111
18167162081,111111
17790347877,111111
13422043618,111111
17613371448,111111
13213795253,111111
13612453654,111111
13510393898,111111
13612345678,111111
18643146045,111111
18354196777,111111
13554790159,111111
13923482134,111111
13633778082,111111
15914024823,111111
13612930435,111111
18543285731,111111
13632647089,111111
18129837796,111111
18926031329,111111
13312988553,111111
13548525769,111111
18923798661,111111
13723492615,111111
18676381695,111111
13054391439,111111
15945531903,111111
13796586957,111111
13798337019,111111
13823722983,111111
18246101958,111111
13619320756,111111
15302729978,111111
19892590616,111111
13058060972,111111
15267351684,111111
13798341889,111111
15099766011,111111
13515390075,111111
19127461070,111111
18276433789,111111
13635096070,111111
13058046020,111111
13352903030,111111
13823264405,111111
15804407268,111111
13966323346,111111
18667129035,111111
13926010990,111111
15214089132,111111
18343076511,111111
13030855093,111111
19189361376,111111
18079365814,111111
13538333439,111111
13688826103,111111
18736383693,111111
18838290207,111111
15112396687,111111
13761962052,111111
13760123816,111111
15136659721,111111
13430913495,111111
13844956511,111111
13549127276,111111
19158096783,111111
13072639124,111111
13114387776,111111
17113238031,111111
13714586450,111111
13838975056,111111
15907552686,111111
13883720078,111111
13168061913,111111
13266781005,111111
18928499257,111111
13539723589,111111
13688803111,111111
18686491723,111111
13480943489,111111
13977458602,111111
13147705036,111111
18278045009,111111
15364251887,111111
15197919896,111111
13424333494,111111
15989876806,111111
17603395193,111111
13798460910,111111
18813228694,111111
13926486143,111111
13827433821,111111
13826567486,111111
18988782134,111111
15043141323,111111
13902942531,111111
13103673722,111111
13943541792,111111
13635097321,111111
18926440905,111111
15817306314,111111
18676772426,111111
18675532308,111111
13713698878,111111
15503776737,111111
13037671989,111111
18682325496,111111
13012289114,111111
18222330935,111111
18915836067,111111
13608819231,111111
13684914831,111111
15814040793,111111
17665398782,111111
13143437786,111111
13537643326,111111
13756359242,111111
13039004156,111111
13538049711,111111
13126367988,111111
13756333689,111111
13326213143,111111
13823648108,111111
19157807202,111111
15514194666,111111
18867722019,111111
13188222198,111111
13013570542,111111
13590361558,111111
15323451779,111111
15112606358,111111
18966857568,111111
13336781233,111111
13567712261,111111
18924588296,111111
13926547486,111111
15337265821,111111
15361539389,111111
13924592418,111111
18137144319,111111
13510232721,111111
13631652883,111111
13352998896,111111
13902929029,111111
18202405089,111111
18743127286,111111
15254788326,111111
15636618124,111111
15017908328,111111
13925265199,111111
19886006547,111111
13242999405,111111
17804673336,111111
15017964561,111111
13723258868,111111
13510362999,111111
18906377933,111111
13703840295,111111
18607687190,111111
18129837375,111111
13922297619,111111
15621723999,111111
13684963498,111111
15989408516,111111
13176613581,111111
13516309107,111111
18563603993,111111
13684666866,111111
18567287266,111111
18607135668,111111
19807642223,111111
13530234828,111111
13168044493,111111
13246661111,111111
15524529552,111111
13902931385,111111
15817688688,111111
13188558448,111111
15660030111,111111
13728843686,111111
13172460858,111111
15694270330,111111
17501170515,111111
18923430834,111111
13823635688,111111
13802572259,111111
13798440033,111111
18932327983,111111
13480909129,111111
15870764538,111111
13501739109,111111
18681496968,111111
15381027217,111111
15112335588,111111
13631538191,111111
13530834508,111111
13538150194,111111
18926597399,111111
13143440269,111111
13715285726,111111
18603079113,111111
17665257732,111111
13840528779,111111
18688880136,111111
18646662080,111111
13480971748,111111
17645455454,111111
13798332838,111111
15602966936,111111
13922878360,111111
13714779499,111111
13676446753,111111
18929387166,111111
15144083761,111111
13898188641,111111
13361885711,111111
13569257426,111111
17376759789,111111
13802581882,111111
19842656653,111111
18142376169,111111
13714328099,111111
13392176909,111111
13684913407,111111
18977416207,111111
18520884911,111111
13504477682,111111
15871279693,111111
15139068029,111111
16604574377,111111
18565372867,111111
17665388034,111111
13537796054,111111
15013655537,111111
13215168631,111111
13682647587,111111
13662691627,111111
13430718983,111111
13555555555,111111
13404712378,111111
13352547185,111111
18129803678,111111
13544197697,111111
13632538791,111111
15818679865,111111
13566261949,111111
15012841389,111111
19902404549,111111
13360977562,111111
13612953056,111111
13043494388,111111
15012831851,111111
18943056099,111111
18218174767,111111
13525117427,111111
18343076028,111111
15217054455,111111
13782021995,111111
18927451948,111111
13923770612,111111
13853616595,111111
13692906399,111111
13612887742,111111
13500046196,111111
18820298599,111111
13588143885,111111
19157487442,111111
18938653141,111111
18675588306,111111
